%YAML:1.0
transformation_w2g: !!opencv-matrix
   rows: 4
   cols: 4
   dt: d
   data: [ 85.147685, 37.630008, -2.445093, 583499.057912, 37.462956, -85.102441, -5.121097, 5806387.668580, -4.303824, 3.698813, -92.951171, 97.517175, 0.0, 0.0, 0.0, 1.0 ]
